0 2.14576721191e-06
1 1.90734863281e-06
2 4.05311584473e-06
3 3.09944152832e-06
4 4.05311584473e-06
5 4.05311584473e-06
6 5.00679016113e-06
7 6.91413879395e-06
8 6.91413879395e-06
9 6.91413879395e-06
10 6.91413879395e-06
11 8.10623168945e-06
12 9.05990600586e-06
13 1.00135803223e-05
14 1.00135803223e-05
15 1.00135803223e-05
16 1.12056732178e-05
17 1.09672546387e-05
18 1.31130218506e-05
19 1.31130218506e-05
20 1.38282775879e-05
21 1.4066696167e-05
22 1.69277191162e-05
23 1.50203704834e-05
24 1.71661376953e-05
25 1.69277191162e-05
26 1.69277191162e-05
27 2.09808349609e-05
28 1.8835067749e-05
29 1.8835067749e-05
30 2.00271606445e-05
31 2.00271606445e-05
32 2.09808349609e-05
33 2.09808349609e-05
34 2.19345092773e-05
35 2.21729278564e-05
36 2.31266021729e-05
37 2.50339508057e-05
38 2.50339508057e-05
39 2.50339508057e-05
40 2.50339508057e-05
41 2.59876251221e-05
42 2.69412994385e-05
43 2.71797180176e-05
44 2.78949737549e-05
45 2.8133392334e-05
46 2.88486480713e-05
47 2.90870666504e-05
48 3.00407409668e-05
49 3.48091125488e-05
50 3.09944152832e-05
51 3.19480895996e-05
52 3.19480895996e-05
53 3.2901763916e-05
54 3.40938568115e-05
55 3.50475311279e-05
56 3.50475311279e-05
57 3.50475311279e-05
58 3.60012054443e-05
59 3.69548797607e-05
60 3.71932983398e-05
61 3.69548797607e-05
62 3.81469726562e-05
63 4.31537628174e-05
64 3.91006469727e-05
65 4.00543212891e-05
66 4.00543212891e-05
67 4.10079956055e-05
68 4.19616699219e-05
69 4.2200088501e-05
70 4.29153442383e-05
71 4.29153442383e-05
72 4.38690185547e-05
73 4.50611114502e-05
74 4.60147857666e-05
75 4.60147857666e-05
76 4.60147857666e-05
77 5.00679016113e-05
78 4.79221343994e-05
79 4.91142272949e-05
80 4.88758087158e-05
81 4.88758087158e-05
82 5.00679016113e-05
83 5.00679016113e-05
84 5.10215759277e-05
85 5.22136688232e-05
86 5.19752502441e-05
87 5.29289245605e-05
88 5.31673431396e-05
89 5.60283660889e-05
90 5.50746917725e-05
91 5.50746917725e-05
92 5.60283660889e-05
93 5.79357147217e-05
94 5.81741333008e-05
95 0.000108003616333
96 5.98430633545e-05
97 6.103515625e-05
98 5.98430633545e-05
99 6.103515625e-05
100 6.19888305664e-05
